w0 = 0.0826017 rad/(ms)
w1 = 0.159082 rad/(ms)
w2 = 0.170876 rad/(ms)
w3 = 0.211456 rad/(ms)
w4 = 0.313626 rad/(ms)

deltat = 2.0034 ms
