w0 = 0.0552847 rad/(ms)
w1 = 0.0886917 rad/(ms)
w2 = 0.235693 rad/(ms)
w3 = 0.365483 rad/(ms)
w4 = 0.392565 rad/(ms)
w5 = 0.409773 rad/(ms)

deltat = 1.53333 ms
